100
1 1103 1076
2 1622 1729
3 1372 1093
4 1895 2281
5 1583 1185
6 778 1138
7 1466 2232
8 1437 292
9 1525 2299
10 929 13
11 1083 1029
12 1726 229
13 449 1328
14 1537 1092
15 334 1893
16 777 1105
17 1232 108
18 1247 700
19 469 131
20 1554 653
21 292 1084
22 859 902
23 1010 372
24 1652 177
25 283 2087
26 285 1010
27 435 2044
28 65 122
29 1039 435
30 1220 1917
31 493 322
32 1247 814
33 51 1126
34 1763 449
35 1782 1222
36 696 1138
37 318 881
38 1396 2199
39 1385 2233
40 333 1516
41 1221 260
42 600 1481
43 191 895
44 741 898
45 1988 2266
46 1547 192
47 1149 814
48 1429 1731
49 1953 1078
50 228 1202
51 135 864
52 1529 1754
53 727 858
54 1236 1083
55 778 396
56 1723 2079
57 928 1494
58 1560 731
59 490 237
60 1960 1378
61 1774 413
62 1657 26
63 890 647
64 1881 2
65 1000 79
66 1442 284
67 1494 1881
68 161 2261
69 1648 1292
70 821 1096
71 209 379
72 93 933
73 1093 1002
74 1992 1550
75 229 1486
76 313 1531
77 285 419
78 1182 787
79 175 1990
80 1393 469
81 1574 1393
82 1104 2172
83 735 1408
84 476 2069
85 163 953
86 178 1728
87 501 914
88 788 1563
89 1098 511
90 1309 456
91 1990 2050
92 1799 1259
93 1838 1635
94 1762 47
95 1226 1327
96 810 1879
97 1561 661
98 1870 1288
99 313 655
100 919 1139