100
1 35 56
2 95 81
3 76 100
4 53 17
5 47 81
6 99 99
7 100 48
8 72 48
9 80 62
10 25 43
11 15 13
12 39 4
13 22 0
14 55 14
15 51 34
16 79 9
17 11 85
18 79 82
19 69 10
20 84 8
21 3 19
22 46 57
23 30 3
24 59 53
25 86 4
26 30 32
27 63 28
28 100 83
29 27 42
30 37 15
31 54 61
32 6 24
33 75 13
34 84 30
35 66 90
36 93 62
37 94 8
38 17 27
39 100 12
40 38 6
41 79 65
42 80 36
43 0 17
44 16 47
45 88 23
46 63 16
47 42 75
48 43 35
49 6 60
50 100 11
51 29 4
52 7 63
53 92 44
54 20 19
55 15 59
56 77 91
57 14 76
58 18 31
59 37 75
60 96 12
61 75 71
62 92 1
63 36 84
64 81 63
65 94 76
66 26 20
67 81 56
68 25 79
69 28 84
70 26 62
71 74 29
72 52 20
73 27 63
74 8 22
75 3 38
76 33 15
77 31 77
78 45 26
79 38 66
80 97 42
81 83 5
82 5 61
83 90 80
84 3 68
85 52 78
86 82 49
87 76 95
88 15 3
89 97 52
90 86 2
91 49 2
92 25 85
93 10 3
94 97 73
95 82 14
96 48 89
97 27 68
98 71 43
99 15 76
100 14 76