100
1 776 1641
2 1629 1989
3 398 1312
4 1003 353
5 1472 1601
6 1107 1224
7 715 2467
8 416 1043
9 353 1164
10 89 1062
11 1672 1384
12 71 1588
13 1701 180
14 1482 1419
15 586 424
16 1081 1886
17 1054 1059
18 1833 1248
19 780 309
20 1681 1249
21 431 1974
22 1307 1230
23 44 409
24 380 2065
25 816 843
26 616 1273
27 1436 1965
28 976 159
29 190 918
30 733 1754
31 1330 142
32 1426 1109
33 1128 2340
34 1245 2158
35 88 1071
36 446 1561
37 259 2072
38 251 1669
39 1388 929
40 1651 1782
41 824 344
42 1681 1004
43 625 369
44 1876 1859
45 625 2358
46 1085 124
47 733 2066
48 904 2174
49 1711 2380
50 1135 2364
51 937 1369
52 283 834
53 1751 2211
54 684 342
55 1076 163
56 11 2070
57 1440 1865
58 158 331
59 240 2058
60 1244 1588
61 534 695
62 1730 2338
63 355 2208
64 1940 930
65 522 907
66 744 1606
67 1943 2387
68 992 1288
69 240 807
70 1318 269
71 1131 695
72 1597 1676
73 1040 433
74 421 353
75 208 1707
76 1744 849
77 1062 1296
78 1667 2467
79 684 260
80 383 2328
81 1362 750
82 816 2343
83 347 2025
84 1797 1478
85 1912 1608
86 1601 1029
87 41 2361
88 897 2293
89 80 1407
90 816 695
91 1849 708
92 391 1322
93 360 1559
94 793 65
95 1137 131
96 430 1497
97 573 2299
98 830 827
99 1083 435
100 1505 941
